------------------------------------------------------------------------
				Test Cases for Part 1
------------------------------------------------------------------------
Image 01.png:
			1     0     0     0     0     0     1
            2     0     0     0     0     0     2
            1     0     1     2     1     0     1
            2     0     2     1     2     0     2
            1     0     1     1     1     0     1
            2     0     2     2     2     0     2

Image 02.png:
			0     0     0     0     0     0     0
            0     0     0     0     0     0     0
            0     0     0     0     0     0     0
            0     0     0     0     0     0     0
            2     0     0     1     0     0     2
            1     0     0     2     0     0     1
 
Image 03.png:
			0     0     0     0     0     0     0
            0     0     0     0     0     0     0
            0     0     0     0     0     0     0
            0     0     0     0     0     0     0
            0     0     0     1     0     0     0
            0     0     0     2     0     0     0

Image 04.png:
			0     0     0     0     0     0     0
            0     0     0     0     0     0     0
            0     0     0     0     0     0     0
            0     0     0     0     0     0     0
            2     0     0     1     0     0     2
            1     2     1     2     1     2     1

Image 05.png:
			0     0     0     0     0     0     0
            0     0     0     0     0     0     0
            0     0     0     0     0     0     0
            0     0     0     0     0     0     0
            2     0     0     1     0     0     2
            1     2     1     2     1     2     1
