------------------------------------------------------------------------
				Test Cases for Part 3
------------------------------------------------------------------------
Sample Board Layout 1:
Best Move: 4
Score:     1001  
			0     0     0     0     0     0     0
            0     0     0     0     0     0     0
            1     0     0     0     0     0     0
            2     0     0     1     0     0     0
            2     0     0     1     0     0     0
            2     0     0     1     2     0     0

Sample Board Layout 2:
Best Move: 6
Score:     11 
			0     0     0     0     0     0     0
            0     0     0     0     0     0     0
            0     0     0     0     0     0     0
            0     0     0     0     0     0     0
            2     0     0     1     0     0     0
            2     2     0     1     1     0     0
 
Sample Board Layout 3:
Best Move: 4
Score:     -1
			0     0     0     0     0     0     0
            0     0     0     0     0     0     0
            0     0     0     0     0     0     0
            0     0     0     0     0     0     0
            0     0     1     0     0     0     0
            1     0     2     0     2     0     0
            
Sample Board Layout 4:
Best Move: 6
Score:	   989	
			0     0     0     0     0     0     0
            0     0     0     0     0     0     0
            0     0     0     0     0     0     1
            0     0     0     0     0     0     2
            0     0     1     2     1     2     1
            0     0     2     1     2     2     1	
            		          
Sample Board Layout 5:
Best Move: 4
Score:     1000
			0     0     0     0     0     0     0
            0     0     0     0     0     0     0
            0     0     0     0     0     0     0
            2     0     0     1     0     0     0
            2     0     0     1     0     0     0
            2     0     0     1     0     0     0
